1
2
3
4
5
6
7
8
9
10
11
12
13
14
15
16
17
18
19
20
21
22
23
24
25
26
27
28
29
30
31
32
33
34
35
36
37
38
39
40
41
42
43
44
45
46
47
48
49
50
51
52
53
54
55
56
57
58
59
60
61
62
63
64
65
66
67
68
69
70
71
72
73
74
75
76
77
78
79
80
81
82
83
84
85
86
87
88
89
90
91
92
93
94
95
96
97
98
99
100
From 100 to 1000
100
110
120
130
140
150
160
170
180
190
200
210
220
230
240
250
260
270
280
290
300
310
320
330
340
350
360
370
380
390
400
410
420
430
440
450
460
470
480
490
500
510
520
530
540
550
560
570
580
590
600
610
620
630
640
650
660
670
680
690
700
710
720
730
740
750
760
770
780
790
800
810
820
830
840
850
860
870
880
890
900
910
920
930
940
950
960
970
980
990
1000
From 1000 to 10000
1000
1100
1200
1300
1400
1500
1600
1700
1800
1900
2000
2100
2200
2300
2400
2500
2600
2700
2800
2900
3000
3100
3200
3300
3400
3500
3600
3700
3800
3900
4000
4100
4200
4300
4400
4500
4600
4700
4800
4900
5000
5100
5200
5300
5400
5500
5600
5700
5800
5900
6000
6100
6200
6300
6400
6500
6600
6700
6800
6900
7000
7100
7200
7300
7400
7500
7600
7700
7800
7900
8000
8100
8200
8300
8400
8500
8600
8700
8800
8900
9000
9100
9200
9300
9400
9500
9600
9700
9800
9900
10000
From 10000 to 100000
10000
11000
12000
13000
14000
15000
16000
17000
18000
19000
20000
21000
22000
23000
24000
25000
26000
27000
28000
29000
30000
31000
32000
33000
34000
35000
36000
37000
38000
39000
40000
41000
42000
43000
44000
45000
46000
47000
48000
49000
50000
51000
52000
53000
54000
55000
56000
57000
58000
59000
60000
61000
62000
63000
64000
65000
66000
67000
68000
69000
70000
71000
72000
73000
74000
75000
76000
77000
78000
79000
80000
81000
82000
83000
84000
85000
86000
87000
88000
89000
90000
91000
92000
93000
94000
95000
96000
97000
98000
99000
100000
From 100000 to 1000000
100000
110000
120000
130000
140000
150000
160000
170000
180000
190000
200000
210000
220000
230000
240000
250000
260000
270000
280000
290000
300000
310000
320000
330000
340000
350000
360000
370000
380000
390000
400000
410000
420000
430000
440000
450000
460000
470000
480000
490000
500000
510000
520000
530000
540000
550000
560000
570000
580000
590000
600000
610000
620000
630000
640000
650000
660000
670000
680000
690000
700000
710000
720000
730000
740000
750000
760000
770000
780000
790000
800000
810000
820000
830000
840000
850000
860000
870000
880000
890000
900000
910000
920000
930000
940000
950000
960000
970000
980000
990000
1000000
From 1000000 to 10000000 (107)
1000000
1250000
1500000
1750000
2000000
2250000
2500000
2750000
3000000
3250000
3500000
3750000
4000000
4250000
4500000
4750000
5000000
5250000
5500000
5750000
6000000
6250000
6500000
6750000
7000000
7250000
7500000
7750000
8000000
8250000
8500000
8750000
9000000
9250000
9500000
9750000
10000000
From 10000000 (107) to 100000000 (108)
10000000
12500000
15000000
17500000
20000000
22500000
25000000
27500000
30000000
32500000
35000000
37500000
40000000
42500000
45000000
47500000
50000000
52500000
55000000
57500000
60000000
62500000
65000000
67500000
70000000
72500000
75000000
77500000
80000000
82500000
85000000
87500000
90000000
92500000
95000000
97500000
100000000
From 100000000 (108) to 1000000000 (109)
100000000
150000000
200000000
250000000
300000000
350000000
400000000
450000000
500000000
550000000
600000000
650000000
700000000
750000000
800000000
850000000
900000000
950000000
1000000000
From 1000000000 (109) to 10000000000 (1010)
1000000000
1500000000
2000000000
2500000000
3000000000
3500000000
4000000000
4500000000
5000000000
5500000000
6000000000
6500000000
7000000000
7500000000
8000000000
8500000000
9000000000
9500000000
10000000000
From 10000000000 (1010) to 100000000000 (1011)
10000000000
15000000000
20000000000
25000000000
30000000000
35000000000
40000000000
45000000000
50000000000
55000000000
60000000000
65000000000
70000000000
75000000000
80000000000
85000000000
90000000000
95000000000
100000000000
From 100000000000 (1011) to 1000000000000 (1012)
100000000000
150000000000
200000000000
250000000000
300000000000
350000000000
400000000000
450000000000
500000000000
550000000000
600000000000
650000000000
700000000000
750000000000
800000000000
850000000000
900000000000
950000000000
1000000000000
From 1000000000000 (1012) to 10000000000000 (1013)
1000000000000
1500000000000
2000000000000
2500000000000
3000000000000
3500000000000
4000000000000
4500000000000
5000000000000
5500000000000
6000000000000
6500000000000
7000000000000
7500000000000
8000000000000
8500000000000
9000000000000
9500000000000
10000000000000
From 10000000000000 (1013) to 100000000000000 (1014)
10000000000000
15000000000000
20000000000000
25000000000000
30000000000000
35000000000000
40000000000000
45000000000000
50000000000000
55000000000000
60000000000000
65000000000000
70000000000000
75000000000000
80000000000000
85000000000000
90000000000000
95000000000000
100000000000000
From 100000000000000 (1014) to 1000000000000000 (1015)
100000000000000
150000000000000
200000000000000
250000000000000
300000000000000
350000000000000
400000000000000
450000000000000
500000000000000
550000000000000
600000000000000
650000000000000
700000000000000
750000000000000
800000000000000
850000000000000
900000000000000
950000000000000
1000000000000000
From 1000000000000000 (1015) to 10000000000000000 (1016)
1000000000000000
1500000000000000
2000000000000000
2500000000000000
3000000000000000
3500000000000000
4000000000000000
4500000000000000
5000000000000000
5500000000000000
6000000000000000
6500000000000000
7000000000000000
7500000000000000
8000000000000000
8500000000000000
9000000000000000
9500000000000000
10000000000000000
From 10000000000000000 (1016) to 100000000000000000 (1017)
10000000000000000
20000000000000000
30000000000000000
40000000000000000
50000000000000000
60000000000000000
70000000000000000
80000000000000000
90000000000000000
100000000000000000
From 100000000000000000 (1017) to 1000000000000000000 (1018)
100000000000000000
200000000000000000
300000000000000000
400000000000000000
500000000000000000
600000000000000000
700000000000000000
800000000000000000
900000000000000000
1000000000000000000
From 1000000000000000000 (1018) to 9223372036854775807
1000000000000000000
2000000000000000000
3000000000000000000
4000000000000000000
5000000000000000000
6000000000000000000
7000000000000000000
8000000000000000000
9000000000000000000
9223372036854775807
